[id][cost,state,father_id,action,depth,h,value]
[0][0,(0, 0),None,None,0,18,0]
[1][1,(0, 1),0,E,1,17,1]
[2][3,(1, 1),1,S,2,16,2]
[3][7,(2, 1),2,S,3,15,3]
[6][11,(2, 2),3,E,4,14,4]
[8][14,(3, 2),6,S,5,13,5]
[10][16,(3, 1),8,O,6,14,6]
[13][17,(4, 1),10,S,7,13,7]
[16][18,(5, 1),13,S,8,12,8]
[20][19,(5, 0),16,O,9,13,9]
[22][20,(6, 0),20,S,10,12,10]
[23][22,(7, 0),22,S,11,11,11]
[25][24,(7, 1),23,E,12,10,12]
[26][26,(7, 2),25,E,13,9,13]
[27][29,(8, 2),26,S,14,8,14]
[28][33,(8, 3),27,E,15,7,15]
[29][37,(8, 4),28,E,16,6,16]
[30][39,(8, 5),29,E,17,5,17]
[32][42,(8, 6),30,E,18,4,18]
[35][43,(7, 6),32,N,19,5,19]
[38][45,(6, 6),35,N,20,6,20]
[43][46,(6, 7),38,E,21,5,21]
[48][48,(6, 8),43,E,22,4,22]
[52][50,(6, 9),48,E,23,3,23]
[55][52,(7, 9),52,S,24,2,24]
[62][54,(8, 9),55,S,25,1,25]
[69][55,(9, 9),62,S,26,0,26]
