[id][cost,state,father_id,action,depth,h,value]
[0][0,(0, 0),None,None,0,92,0]
[2][1,(1, 0),0,S,1,91,1]
[6][2,(1, 1),2,E,2,90,2]
[10][3,(1, 2),6,E,3,89,3]
[17][4,(1, 3),10,E,4,88,4]
[25][5,(1, 4),17,E,5,87,5]
[39][6,(1, 5),25,E,6,86,6]
[54][8,(1, 6),39,E,7,85,7]
[65][9,(1, 7),54,E,8,84,9]
[102][12,(2, 7),65,S,9,83,10]
[116][13,(2, 8),102,E,10,82,13]
[128][15,(3, 8),116,S,11,81,14]
[147][17,(4, 8),128,S,12,80,16]
[172][18,(5, 8),147,S,13,79,18]
[194][19,(6, 8),172,S,14,78,19]
[232][20,(6, 9),194,E,15,77,20]
[276][21,(7, 9),232,S,16,76,21]
[318][22,(8, 9),276,S,17,75,22]
[367][23,(9, 9),318,S,18,74,23]
[421][24,(10, 9),367,S,19,73,24]
[461][25,(10, 10),421,E,20,72,25]
[493][26,(11, 10),461,S,21,71,26]
[523][27,(11, 11),493,E,22,70,27]
[569][29,(12, 11),523,S,23,69,28]
[616][31,(12, 12),569,E,24,68,30]
[694][32,(12, 13),616,E,25,67,32]
[771][33,(12, 14),694,E,26,66,33]
[835][34,(12, 15),771,E,27,65,34]
[889][35,(13, 15),835,S,28,64,35]
[941][36,(13, 16),889,E,29,63,36]
[986][37,(13, 17),941,E,30,62,37]
[1031][38,(14, 17),986,S,31,61,38]
[1106][40,(15, 17),1031,S,32,60,39]
[1208][41,(15, 18),1106,E,33,59,41]
[1292][42,(15, 19),1208,E,34,58,42]
[1369][43,(14, 19),1292,N,35,59,43]
[1462][44,(14, 20),1369,E,36,58,44]
[1535][45,(15, 20),1462,S,37,57,45]
[1620][46,(15, 21),1535,E,38,56,46]
[1707][48,(15, 22),1620,E,39,55,47]
[1775][49,(15, 23),1707,E,40,54,49]
[1913][50,(15, 24),1775,E,41,53,50]
[1984][51,(15, 25),1913,E,42,52,51]
[2056][52,(16, 25),1984,S,43,51,52]
[2157][53,(16, 26),2056,E,44,50,53]
[2254][54,(16, 27),2157,E,45,49,54]
[2327][55,(16, 28),2254,E,46,48,55]
[2422][56,(17, 28),2327,S,47,47,56]
[2516][57,(18, 28),2422,S,48,46,57]
[2635][58,(19, 28),2516,S,49,45,58]
[2739][59,(20, 28),2635,S,50,44,59]
[2828][60,(21, 28),2739,S,51,43,60]
[2968][61,(22, 28),2828,S,52,42,61]
[3074][63,(22, 29),2968,E,53,41,62]
[3150][64,(23, 29),3074,S,54,40,64]
[3362][65,(24, 29),3150,S,55,39,65]
[3460][66,(24, 30),3362,E,56,38,66]
[3530][67,(24, 31),3460,E,57,37,67]
[3635][68,(25, 31),3530,S,58,36,68]
[3757][69,(26, 31),3635,S,59,35,69]
[3895][71,(26, 32),3757,E,60,34,70]
[4026][72,(26, 33),3895,E,61,33,72]
[4243][73,(27, 33),4026,S,62,32,73]
[4372][76,(28, 33),4243,S,63,31,74]
[4491][77,(29, 33),4372,S,64,30,77]
[4781][78,(29, 34),4491,E,65,29,78]
[4893][79,(29, 35),4781,E,66,28,79]
[4980][80,(30, 35),4893,S,67,27,80]
[5079][81,(31, 35),4980,S,68,26,81]
[5187][82,(32, 35),5079,S,69,25,82]
[5297][83,(32, 36),5187,E,70,24,83]
[5406][87,(32, 37),5297,E,71,23,84]
[5484][88,(32, 38),5406,E,72,22,88]
[5831][89,(33, 38),5484,S,73,21,89]
[5929][90,(33, 39),5831,E,74,20,90]
[6007][91,(33, 40),5929,E,75,19,91]
[6087][92,(34, 40),6007,S,76,18,92]
[6196][93,(34, 41),6087,E,77,17,93]
[6283][94,(35, 41),6196,S,78,16,94]
[6361][95,(35, 42),6283,E,79,15,95]
[6422][96,(36, 42),6361,S,80,14,96]
[6448][97,(37, 42),6422,S,81,13,97]
[6491][98,(38, 42),6448,S,82,12,98]
[6537][99,(38, 43),6491,E,83,11,99]
[6589][100,(38, 44),6537,E,84,10,100]
[6639][102,(38, 45),6589,E,85,9,101]
[6703][103,(38, 46),6639,E,86,8,103]
[6791][104,(38, 47),6703,E,87,7,104]
[6837][105,(39, 47),6791,S,88,6,105]
[6876][106,(40, 47),6837,S,89,5,106]
[6915][108,(40, 48),6876,E,90,4,107]
[6945][109,(41, 48),6915,S,91,3,109]
[6982][110,(41, 49),6945,E,92,2,110]
[6991][114,(42, 49),6982,S,93,1,111]
[7004][117,(42, 50),6991,E,94,0,115]
