[id][cost,state,father_id,action,depth,h,value]
[0][0,(0, 0),None,None,0,48,48]
[1][1,(0, 1),0,E,1,47,47]
[2][2,(0, 2),1,E,2,46,46]
[3][4,(0, 3),2,E,3,45,45]
[4][8,(0, 4),3,E,4,44,44]
[5][9,(1, 4),4,S,5,43,43]
[6][10,(1, 5),5,E,6,42,42]
[7][11,(1, 6),6,E,7,41,41]
[8][14,(1, 7),7,E,8,40,40]
[9][15,(1, 8),8,E,9,39,39]
[10][19,(2, 8),9,S,10,38,38]
[11][22,(2, 9),10,E,11,37,37]
[12][25,(2, 10),11,E,12,36,36]
[13][28,(2, 11),12,E,13,35,35]
[14][31,(2, 12),13,E,14,34,34]
[15][32,(2, 13),14,E,15,33,33]
[16][36,(2, 14),15,E,16,32,32]
[17][37,(2, 15),16,E,17,31,31]
[18][40,(2, 16),17,E,18,30,30]
[19][42,(3, 16),18,S,19,29,29]
[20][43,(3, 17),19,E,20,28,28]
[21][46,(4, 17),20,S,21,27,27]
[22][48,(4, 18),21,E,22,26,26]
[23][51,(4, 19),22,E,23,25,25]
[24][52,(4, 20),23,E,24,24,24]
[25][53,(4, 21),24,E,25,23,23]
[26][57,(4, 22),25,E,26,22,22]
[27][60,(4, 23),26,E,27,21,21]
[28][61,(4, 24),27,E,28,20,20]
[29][62,(5, 24),28,S,29,19,19]
[30][63,(6, 24),29,S,30,18,18]
[31][65,(7, 24),30,S,31,17,17]
[32][68,(8, 24),31,S,32,16,16]
[33][71,(9, 24),32,S,33,15,15]
[34][74,(10, 24),33,S,34,14,14]
[35][76,(11, 24),34,S,35,13,13]
[36][78,(11, 23),35,O,36,14,14]
[37][82,(12, 23),36,S,37,13,13]
[38][83,(12, 24),37,E,38,12,12]
[39][85,(13, 24),38,S,39,11,11]
[40][87,(14, 24),39,S,40,10,10]
[41][89,(15, 24),40,S,41,9,9]
[42][90,(15, 23),41,O,42,10,10]
[43][93,(16, 23),42,S,43,9,9]
[44][94,(16, 24),43,E,44,8,8]
[45][95,(17, 24),44,S,45,7,7]
[46][98,(18, 24),45,S,46,6,6]
[47][100,(19, 24),46,S,47,5,5]
[48][101,(20, 24),47,S,48,4,4]
[49][105,(21, 24),48,S,49,3,3]
[50][106,(22, 24),49,S,50,2,2]
[51][107,(23, 24),50,S,51,1,1]
[52][111,(24, 24),51,S,52,0,0]
