[id][cost,state,father_id,action,depth,h,value]
[0][0,(0, 0),None,None,0,98,0]
[1][4,(0, 1),0,E,1,97,1]
[3][6,(0, 2),1,E,2,96,2]
[6][8,(0, 3),3,E,3,95,3]
[8][9,(1, 3),6,S,4,94,4]
[11][11,(1, 4),8,E,5,93,5]
[13][12,(2, 4),11,S,6,92,6]
[18][14,(2, 3),13,O,7,93,7]
[21][18,(2, 2),18,O,8,94,8]
[28][19,(2, 1),21,O,9,95,9]
[36][23,(3, 1),28,S,10,94,10]
[42][26,(4, 1),36,S,11,93,11]
[47][29,(4, 2),42,E,12,92,12]
[54][32,(5, 2),47,S,13,91,13]
[62][34,(5, 1),54,O,14,92,14]
[65][38,(6, 1),62,S,15,91,15]
[76][42,(7, 1),65,S,16,90,16]
[88][45,(8, 1),76,S,17,89,17]
[103][47,(9, 1),88,S,18,88,18]
[116][51,(10, 1),103,S,19,87,19]
[127][54,(11, 1),116,S,20,86,20]
[139][57,(12, 1),127,S,21,85,21]
[149][59,(13, 1),139,S,22,84,22]
[160][63,(13, 0),149,O,23,85,23]
[170][64,(14, 0),160,S,24,84,24]
[178][68,(15, 0),170,S,25,83,25]
[184][70,(16, 0),178,S,26,82,26]
[192][72,(16, 1),184,E,27,81,27]
[198][76,(16, 2),192,E,28,80,28]
[204][80,(17, 2),198,S,29,79,29]
[212][84,(18, 2),204,S,30,78,30]
[217][85,(18, 3),212,E,31,77,31]
[220][89,(18, 4),217,E,32,76,32]
[226][92,(17, 4),220,N,33,77,33]
[234][94,(16, 4),226,N,34,78,34]
[244][96,(16, 5),234,E,35,77,35]
[255][98,(16, 6),244,E,36,76,36]
[264][101,(17, 6),255,S,37,75,37]
[275][102,(17, 7),264,E,38,74,38]
[287][103,(18, 7),275,S,39,73,39]
[303][106,(19, 7),287,S,40,72,40]
[316][107,(19, 8),303,E,41,71,41]
[326][108,(19, 9),316,E,42,70,42]
[338][112,(20, 9),326,S,43,69,43]
[356][116,(21, 9),338,S,44,68,44]
[372][118,(21, 10),356,E,45,67,45]
[390][121,(21, 11),372,E,46,66,46]
[405][125,(21, 12),390,E,47,65,47]
[421][128,(21, 13),405,E,48,64,48]
[437][129,(21, 14),421,E,49,63,49]
[452][131,(21, 15),437,E,50,62,50]
[468][134,(22, 15),452,S,51,61,51]
[486][136,(22, 14),468,O,52,62,52]
[498][137,(23, 14),486,S,53,61,53]
[520][138,(24, 14),498,S,54,60,54]
[546][141,(24, 15),520,E,55,59,55]
[573][144,(24, 16),546,E,56,58,56]
[592][146,(25, 16),573,S,57,57,57]
[609][148,(25, 17),592,E,58,56,58]
[632][150,(26, 17),609,S,59,55,59]
[658][153,(26, 16),632,O,60,56,60]
[679][156,(27, 16),658,S,61,55,61]
[700][159,(28, 16),679,S,62,54,62]
[719][162,(28, 17),700,E,63,53,63]
[737][164,(29, 17),719,S,64,52,64]
[754][167,(29, 18),737,E,65,51,65]
[768][171,(28, 18),754,N,66,52,66]
[781][175,(28, 19),768,E,67,51,67]
[794][176,(27, 19),781,N,68,52,68]
[805][177,(27, 20),794,E,69,51,69]
[816][180,(27, 21),805,E,70,50,70]
[829][184,(26, 21),816,N,71,51,71]
[845][185,(26, 20),829,O,72,52,72]
[857][187,(25, 20),845,N,73,53,73]
[870][189,(24, 20),857,N,74,54,74]
[879][191,(23, 20),870,N,75,55,75]
[886][192,(23, 21),879,E,76,54,76]
[896][193,(24, 21),886,S,77,53,77]
[906][195,(24, 22),896,E,78,52,78]
[914][198,(24, 23),906,E,79,51,79]
[923][199,(23, 23),914,N,80,52,80]
[934][202,(23, 24),923,E,81,51,81]
[951][204,(22, 24),934,N,82,52,82]
[970][208,(21, 24),951,N,83,53,83]
[986][209,(21, 25),970,E,84,52,84]
[995][210,(21, 26),986,E,85,51,85]
[1005][214,(21, 27),995,E,86,50,86]
[1019][217,(22, 27),1005,S,87,49,87]
[1038][219,(22, 28),1019,E,88,48,88]
[1057][223,(22, 29),1038,E,89,47,89]
[1081][225,(22, 30),1057,E,90,46,90]
[1102][227,(22, 31),1081,E,91,45,91]
[1125][230,(21, 31),1102,N,92,46,92]
[1159][233,(21, 32),1125,E,93,45,93]
[1199][236,(21, 33),1159,E,94,44,94]
[1237][240,(22, 33),1199,S,95,43,95]
[1274][241,(23, 33),1237,S,96,42,96]
[1310][242,(24, 33),1274,S,97,41,97]
[1344][243,(24, 32),1310,O,98,42,98]
[1378][246,(25, 32),1344,S,99,41,99]
[1410][248,(25, 31),1378,O,100,42,100]
[1446][250,(26, 31),1410,S,101,41,101]
[1502][253,(27, 31),1446,S,102,40,102]
[1558][254,(28, 31),1502,S,103,39,103]
[1604][255,(28, 32),1558,E,104,38,104]
[1638][257,(29, 32),1604,S,105,37,105]
[1665][258,(29, 33),1638,E,106,36,106]
[1676][260,(29, 34),1665,E,107,35,107]
[1683][263,(28, 34),1676,N,108,36,108]
[1693][265,(28, 35),1683,E,109,35,109]
[1708][269,(29, 35),1693,S,110,34,110]
[1723][270,(29, 36),1708,E,111,33,111]
[1739][273,(29, 37),1723,E,112,32,112]
[1756][276,(29, 38),1739,E,113,31,113]
[1773][277,(29, 39),1756,E,114,30,114]
[1794][279,(28, 39),1773,N,115,31,115]
[1817][281,(27, 39),1794,N,116,32,116]
[1839][283,(27, 40),1817,E,117,31,117]
[1861][285,(28, 40),1839,S,118,30,118]
[1889][289,(28, 41),1861,E,119,29,119]
[1916][290,(29, 41),1889,S,120,28,120]
[1942][291,(30, 41),1916,S,121,27,121]
[1967][292,(30, 42),1942,E,122,26,122]
[1994][293,(31, 42),1967,S,123,25,123]
[2030][295,(31, 43),1994,E,124,24,124]
[2058][297,(31, 44),2030,E,125,23,125]
[2086][300,(31, 45),2058,E,126,22,126]
[2121][302,(31, 46),2086,E,127,21,127]
[2154][304,(32, 46),2121,S,128,20,128]
[2184][306,(32, 45),2154,O,129,21,129]
[2206][309,(33, 45),2184,S,130,20,130]
[2224][310,(33, 46),2206,E,131,19,131]
[2242][314,(33, 47),2224,E,132,18,132]
[2265][317,(32, 47),2242,N,133,19,133]
[2294][318,(32, 48),2265,E,134,18,134]
[2324][322,(33, 48),2294,S,135,17,135]
[2357][323,(34, 48),2324,S,136,16,136]
[2387][327,(35, 48),2357,S,137,15,137]
[2410][331,(35, 47),2387,O,138,16,138]
[2422][333,(35, 46),2410,O,139,17,139]
[2432][335,(36, 46),2422,S,140,16,140]
[2441][338,(36, 47),2432,E,141,15,141]
[2453][339,(37, 47),2441,S,142,14,142]
[2472][342,(38, 47),2453,S,143,13,143]
[2495][346,(39, 47),2472,S,144,12,144]
[2519][348,(40, 47),2495,S,145,11,145]
[2546][350,(41, 47),2519,S,146,10,146]
[2575][353,(42, 47),2546,S,147,9,147]
[2606][355,(42, 46),2575,O,148,10,148]
[2635][357,(43, 46),2606,S,149,9,149]
[2663][360,(44, 46),2635,S,150,8,150]
[2687][363,(44, 47),2663,E,151,7,151]
[2713][367,(44, 48),2687,E,152,6,152]
[2745][368,(45, 48),2713,S,153,5,153]
[2783][369,(46, 48),2745,S,154,4,154]
[2820][372,(46, 49),2783,E,155,3,155]
[2854][375,(47, 49),2820,S,156,2,156]
[2894][376,(48, 49),2854,S,157,1,157]
[2930][377,(49, 49),2894,S,158,0,158]
